userId,time,x,y,z,velocity
user580,4095.0,7.490957273435992,43.78948507522906,0,15.0
user580,4096.0,7.490957273435992,43.78948507522906,0,15.0
user580,4097.0,7.490778479896178,43.78944312693427,0,15.0
user580,4098.0,7.490599686356363,43.78940117863949,0,15.0
user580,4099.0,7.490420892816549,43.78935923034471,0,15.0
user580,4100.0,7.490242099276735,43.78931728204993,0,15.0
user580,4101.0,7.49006330573692,43.78927533375514,0,15.0
user580,4102.0,7.489884512197106,43.78923338546036,0,15.0
user580,4103.0,7.489705718657292,43.78919143716558,0,15.0
user580,4104.0,7.489526925117477,43.78914948887079,0,15.0
user580,4105.0,7.489348131577663,43.78910754057601,0,15.0
user580,4106.0,7.489169338037849,43.789065592281226,0,15.0
user580,4107.0,7.488990544498034,43.78902364398644,0,15.0
user580,4108.0,7.48881175095822,43.78898169569166,0,15.0
user580,4109.0,7.488632957418406,43.78893974739688,0,15.0
user580,4110.0,7.488454163878591,43.788897799102095,0,15.0
user580,4111.0,7.488275370338777,43.78885585080731,0,15.0
user580,4112.0,7.488096576798963,43.78881390251252,0,15.0
user580,4113.0,7.487917783259149,43.788771954217744,0,15.0
user580,4114.0,7.487738989719334,43.78873000592296,0,15.0
user580,4115.0,7.48756019617952,43.78868805762818,0,15.0
user580,4116.0,7.487381402639706,43.78864610933339,0,15.0
user580,4117.0,7.487202609099891,43.78860416103861,0,15.0
user580,4118.0,7.487023815560077,43.78856221274383,0,15.0
user580,4119.0,7.486845022020263,43.78852026444904,0,15.0
user580,4120.0,7.486666228480448,43.78847831615426,0,15.0
user580,4121.0,7.486487434940634,43.78843636785948,0,15.0
user580,4122.0,7.48630864140082,43.788394419564696,0,15.0
user580,4123.0,7.486129847861005,43.78835247126991,0,15.0
user580,4124.0,7.485951054321191,43.78831052297512,0,15.0
user580,4125.0,7.485772260781377,43.788268574680345,0,15.0
user580,4126.0,7.485593467241562,43.78822662638556,0,15.0
user580,4127.0,7.485414673701748,43.78818467809078,0,15.0
user580,4128.0,7.485235880161934,43.78814272979599,0,15.0
user580,4129.0,7.485057086622119,43.78810078150121,0,15.0
user580,4130.0,7.484878293082305,43.78805883320643,0,15.0
user580,4131.0,7.484699499542491,43.78801688491164,0,15.0
user580,4132.0,7.484520706002677,43.78797493661686,0,15.0
user580,4133.0,7.484341912462862,43.78793298832208,0,15.0
user580,4134.0,7.484163118923048,43.78789104002729,0,15.0
user580,4135.0,7.483984325383234,43.78784909173251,0,15.0
user580,4136.0,7.483805531843419,43.787807143437725,0,15.0
user580,4137.0,7.483626738303605,43.78776519514295,0,15.0
user580,4138.0,7.483447944763791,43.78772324684816,0,15.0
user580,4139.0,7.483269151223976,43.78768129855337,0,15.0
user580,4140.0,7.483090357684162,43.787639350258594,0,15.0
user580,4141.0,7.482911564144348,43.78759740196381,0,15.0
user580,4142.0,7.482732770604533,43.78755545366903,0,15.0
user580,4143.0,7.482553977064719,43.78751350537424,0,15.0
user580,4144.0,7.482375183524905,43.787471557079456,0,15.0
user580,4145.0,7.48219638998509,43.78742960878468,0,15.0
user580,4146.0,7.482017596445276,43.78738766048989,0,15.0
user580,4147.0,7.481838802905462,43.78734571219511,0,15.0
user580,4148.0,7.481660009365648,43.787303763900326,0,15.0
user580,4149.0,7.481481215825833,43.78726181560554,0,15.0
user580,4150.0,7.481302422286019,43.78721986731076,0,15.0
user580,4151.0,7.481123628746205,43.78717791901597,0,15.0
user580,4152.0,7.48094483520639,43.7871359707212,0,15.0
user580,4153.0,7.480766041666576,43.78709402242641,0,15.0
user580,4154.0,7.480587248126762,43.78705207413163,0,15.0
user580,4155.0,7.480408454586947,43.78701012583685,0,15.0
user580,4156.0,7.480229661047133,43.78696817754206,0,15.0
user580,4157.0,7.480050867507319,43.78692622924728,0,15.0
user580,4158.0,7.479872073967504,43.78688428095249,0,15.0
user580,4159.0,7.47969328042769,43.78684233265771,0,15.0
user580,4160.0,7.479514486887876,43.78680038436293,0,15.0
user580,4161.0,7.479335693348061,43.78675843606814,0,15.0
user580,4162.0,7.479156899808247,43.78671648777336,0,15.0
user580,4163.0,7.478978106268459,43.78667453947858,0,15.0
user580,4164.0,7.478867641381505,43.7865647267568,0,15.0
user580,4165.0,7.478757176494552,43.786454914035005,0,15.0
user580,4166.0,7.478646711607599,43.78634510131322,0,15.0
user580,4167.0,7.478536246720646,43.78623528859144,0,15.0
user580,4168.0,7.4784257818336926,43.786125475869646,0,15.0
user580,4169.0,7.478315316946739,43.78601566314786,0,15.0
user580,4170.0,7.478204852059786,43.78590585042608,0,15.0
user580,4171.0,7.478094387172833,43.78579603770429,0,15.0
user580,4172.0,7.47798392228588,43.7856862249825,0,15.0
user580,4173.0,7.4778734573989265,43.78557641226071,0,15.0
user580,4174.0,7.477762992511973,43.78546659953892,0,15.0
user580,4175.0,7.47765252762502,43.78535678681714,0,15.0
user580,4176.0,7.477542062738067,43.78524697409535,0,15.0
user580,4177.0,7.477431597851114,43.78513716137356,0,15.0
user580,4178.0,7.47732113296416,43.785027348651774,0,15.0
user580,4179.0,7.477210668077207,43.78491753592999,0,15.0
user580,4180.0,7.477100203190254,43.7848077232082,0,15.0
user580,4181.0,7.476989738303301,43.784697910486415,0,15.0
user580,4182.0,7.476879273416348,43.78458809776463,0,15.0
user580,4183.0,7.476768808529394,43.78447828504284,0,15.0
user580,4184.0,7.476658343642441,43.784368472321056,0,15.0
user580,4185.0,7.476547878755488,43.78425865959927,0,15.0
user580,4186.0,7.476437413868535,43.78414884687748,0,15.0
user580,4187.0,7.476326948981582,43.78403903415569,0,15.0
user580,4188.0,7.476216484094628,43.7839292214339,0,15.0
user580,4189.0,7.476106019207675,43.78381940871212,0,15.0
user580,4190.0,7.475995554320722,43.78370959599033,0,15.0
user580,4191.0,7.475885089433769,43.78359978326854,0,15.0
user580,4192.0,7.475774624546815,43.78348997054675,0,15.0
user580,4193.0,7.475664159659862,43.78338015782497,0,15.0
user580,4194.0,7.475553694772909,43.78327034510318,0,15.0
user580,4195.0,7.475443229885956,43.7831605323814,0,15.0
user580,4196.0,7.475332764999003,43.783050719659606,0,15.0
user580,4197.0,7.4752223001120495,43.78294090693782,0,15.0
user580,4198.0,7.475111835225096,43.78283109421604,0,15.0
user580,4199.0,7.475001370338143,43.78272128149425,0,15.0
user580,4200.0,7.47489090545119,43.78261146877246,0,15.0
user580,4201.0,7.474780440564237,43.78250165605067,0,15.0
user580,4202.0,7.474669975677283,43.78239184332889,0,15.0
user580,4203.0,7.47455951079033,43.7822820306071,0,15.0
user580,4204.0,7.474449045903377,43.78217221788531,0,15.0
user580,4205.0,7.474338581016424,43.78206240516352,0,15.0
user580,4206.0,7.474228116129471,43.78195259244173,0,15.0
user580,4207.0,7.474117651242517,43.78184277971995,0,15.0
user580,4208.0,7.474007186355564,43.78173296699816,0,15.0
user580,4209.0,7.473896721468611,43.781623154276375,0,15.0
user580,4210.0,7.473786256581658,43.781513341554586,0,15.0
user580,4211.0,7.473675791694704,43.7814035288328,0,15.0
user580,4212.0,7.473565326807751,43.781293716111016,0,15.0
user580,4213.0,7.473454861920798,43.78118390338923,0,15.0
user580,4214.0,7.473344397033845,43.78107409066744,0,15.0
user580,4215.0,7.473233932146892,43.78096427794565,0,15.0
user580,4216.0,7.473123467259938,43.78085446522387,0,15.0
user580,4217.0,7.473013002372985,43.78074465250208,0,15.0
user580,4218.0,7.472902537486032,43.78063483978029,0,15.0
user580,4219.0,7.472792072599079,43.7805250270585,0,15.0
user580,4220.0,7.472681607712126,43.78041521433671,0,15.0
user580,4221.0,7.472571142825172,43.78030540161493,0,15.0
user580,4222.0,7.472460677938219,43.78019558889314,0,15.0
user580,4223.0,7.472350213051266,43.78008577617136,0,15.0
user580,4224.0,7.472239748164313,43.779975963449566,0,15.0
user580,4225.0,7.47212928327736,43.77986615072778,0,15.0
user580,4226.0,7.472018818390406,43.779756338006,0,15.0
user580,4227.0,7.471908353503453,43.77964652528421,0,15.0
user580,4228.0,7.4717978886165,43.77953671256242,0,15.0
user580,4229.0,7.471687423729547,43.77942689984063,0,15.0
user580,4230.0,7.471576958842582,43.779317087118834,0,15.0
user580,4231.0,7.4717547463769405,43.77927537583313,0,15.0
user580,4232.0,7.471932533911299,43.77923366454742,0,15.0
user580,4233.0,7.4721103214456575,43.77919195326172,0,15.0
user580,4234.0,7.472288108980016,43.779150241976005,0,15.0
user580,4235.0,7.472465896514374,43.7791085306903,0,15.0
user580,4236.0,7.472643684048733,43.77906681940459,0,15.0
user580,4237.0,7.472821471583091,43.77902510811889,0,15.0
user580,4238.0,7.47299925911745,43.778983396833176,0,15.0
user580,4239.0,7.473177046651808,43.77894168554747,0,15.0
user580,4240.0,7.473354834186167,43.77889997426176,0,15.0
user580,4241.0,7.473532621720525,43.77885826297606,0,15.0
user580,4242.0,7.473710409254884,43.77881655169035,0,15.0
user580,4243.0,7.473888196789242,43.77877484040464,0,15.0
user580,4244.0,7.474065984323601,43.77873312911893,0,15.0
user580,4245.0,7.474243771857959,43.77869141783323,0,15.0
user580,4246.0,7.474421559392318,43.77864970654752,0,15.0
user580,4247.0,7.474599346926676,43.778607995261815,0,15.0
user580,4248.0,7.474777134461035,43.778566283976105,0,15.0
user580,4249.0,7.474954921995393,43.7785245726904,0,15.0
user580,4250.0,7.475132709529752,43.77848286140469,0,15.0
user580,4251.0,7.47531049706411,43.77844115011899,0,15.0
user580,4252.0,7.475488284598469,43.77839943883328,0,15.0
user580,4253.0,7.475666072132827,43.77835772754757,0,15.0
user580,4254.0,7.475843859667186,43.77831601626186,0,15.0
user580,4255.0,7.476021647201544,43.77827430497616,0,15.0
user580,4256.0,7.476199434735903,43.77823259369045,0,15.0
user580,4257.0,7.476377222270261,43.77819088240474,0,15.0
user580,4258.0,7.47655500980462,43.77814917111903,0,15.0
user580,4259.0,7.476732797338978,43.77810745983333,0,15.0
user580,4260.0,7.476910584873337,43.77806574854762,0,15.0
user580,4261.0,7.477088372407695,43.77802403726192,0,15.0
user580,4262.0,7.477266159942054,43.77798232597621,0,15.0
user580,4263.0,7.477443947476412,43.7779406146905,0,15.0
user580,4264.0,7.47762173501077,43.77789890340479,0,15.0
user580,4265.0,7.477799522545129,43.777857192119086,0,15.0
user580,4266.0,7.477977310079487,43.777815480833375,0,15.0
user580,4267.0,7.478155097613846,43.77777376954767,0,15.0
user580,4268.0,7.4783328851482045,43.77773205826196,0,15.0
user580,4269.0,7.478510672682563,43.77769034697626,0,15.0
user580,4270.0,7.4786884602169215,43.77764863569055,0,15.0
user580,4271.0,7.47886624775128,43.77760692440484,0,15.0
user580,4272.0,7.479044035285638,43.77756521311913,0,15.0
user580,4273.0,7.479221822819997,43.77752350183343,0,15.0
user580,4274.0,7.479399610354355,43.77748179054772,0,15.0
user580,4275.0,7.479577397888714,43.777440079262014,0,15.0
user580,4276.0,7.479755185423072,43.7773983679763,0,15.0
user580,4277.0,7.479932972957431,43.7773566566906,0,15.0
user580,4278.0,7.480110760491789,43.77731494540489,0,15.0
user580,4279.0,7.480288548026148,43.77727323411919,0,15.0
user580,4280.0,7.480466335560506,43.77723152283348,0,15.0
user580,4281.0,7.480644123094865,43.77718981154777,0,15.0
user580,4282.0,7.480821910629223,43.77714810026206,0,15.0
user580,4283.0,7.480999698163582,43.77710638897636,0,15.0
user580,4284.0,7.48117748569794,43.777064677690646,0,15.0
user580,4285.0,7.481355273232299,43.77702296640494,0,15.0
user580,4286.0,7.481533060766657,43.77698125511923,0,15.0
user580,4287.0,7.481710848301016,43.77693954383353,0,15.0
user580,4288.0,7.481888635835374,43.77689783254782,0,15.0
user580,4289.0,7.482066423369733,43.776856121262114,0,15.0
user580,4290.0,7.482244210904091,43.7768144099764,0,15.0
user580,4291.0,7.48242199843845,43.7767726986907,0,15.0
user580,4292.0,7.482599785972808,43.77673098740499,0,15.0
user580,4293.0,7.482777573507167,43.776689276119285,0,15.0
user580,4294.0,7.482955361041525,43.77664756483357,0,15.0
user580,4295.0,7.483133148575884,43.77660585354787,0,15.0
user580,4296.0,7.483310936110242,43.77656414226216,0,15.0
user580,4297.0,7.483488723644601,43.776522430976456,0,15.0
user580,4298.0,7.483666511178959,43.776480719690746,0,15.0
user580,4299.0,7.483844298713318,43.77643900840504,0,15.0
user580,4300.0,7.484022086247676,43.77639729711933,0,15.0
user580,4301.0,7.484199873782034,43.77635558583363,0,15.0
user580,4302.0,7.484377661316393,43.77631387454792,0,15.0
user580,4303.0,7.484555448850751,43.77627216326221,0,15.0
user580,4304.0,7.48473323638511,43.7762304519765,0,15.0
user580,4305.0,7.4849110239194685,43.7761887406908,0,15.0
user580,4306.0,7.485088811453827,43.77614702940509,0,15.0
user580,4307.0,7.4852665989881855,43.77610531811938,0,15.0
user580,4308.0,7.485444386522544,43.77606360683368,0,15.0
user580,4309.0,7.4856221740569024,43.77602189554797,0,15.0
user580,4310.0,7.485799961591261,43.77598018426226,0,15.0
user580,4311.0,7.485977749125619,43.77593847297656,0,15.0
user580,4312.0,7.486155536659978,43.775896761690845,0,15.0
user580,4313.0,7.486333324194336,43.77585505040514,0,15.0
user580,4314.0,7.486511111728695,43.77581333911943,0,15.0
user580,4315.0,7.486688899263053,43.77577162783373,0,15.0
user580,4316.0,7.486866686797412,43.775729916548016,0,15.0
user580,4317.0,7.48704447433177,43.77568820526231,0,15.0
user580,4318.0,7.487222261866129,43.7756464939766,0,15.0
user580,4319.0,7.487400049400487,43.7756047826909,0,15.0
user580,4320.0,7.487577836934846,43.77556307140519,0,15.0
user580,4321.0,7.487755624469204,43.77552136011949,0,15.0
user580,4322.0,7.487933412003563,43.77547964883377,0,15.0
user580,4323.0,7.488111199537921,43.77543793754807,0,15.0
user580,4324.0,7.48828898707228,43.77539622626236,0,15.0
user580,4325.0,7.488466774606638,43.775354514976655,0,15.0
user580,4326.0,7.488644562140997,43.775312803690944,0,15.0
user580,4327.0,7.488822349675355,43.77527109240524,0,15.0
user580,4328.0,7.489000137209714,43.77522938111953,0,15.0
user580,4329.0,7.489177924744072,43.77518766983383,0,15.0
user580,4330.0,7.489355712278431,43.77514595854812,0,15.0
user580,4331.0,7.489533499812789,43.77510424726241,0,15.0
user580,4332.0,7.489711287347148,43.7750625359767,0,15.0
user580,4333.0,7.489889074881506,43.775020824691,0,15.0
user580,4334.0,7.490066862415865,43.77497911340529,0,15.0
user580,4335.0,7.490244649950223,43.77493740211958,0,15.0
user580,4336.0,7.490422437484582,43.77489569083387,0,15.0
user580,4337.0,7.49060022501894,43.77485397954817,0,15.0
user580,4338.0,7.490778012553299,43.77481226826246,0,15.0
user580,4339.0,7.490955800087657,43.77477055697676,0,15.0
user580,4340.0,7.491133587622015,43.77472884569104,0,15.0
user580,4341.0,7.491311375156374,43.77468713440534,0,15.0
user580,4342.0,7.4914891626907325,43.77464542311963,0,15.0
user580,4343.0,7.491666950225091,43.774603711833926,0,15.0
user580,4344.0,7.4918447377594495,43.774562000548215,0,15.0
user580,4345.0,7.492022525293808,43.77452028926251,0,15.0
user580,4346.0,7.4922003128281665,43.7744785779768,0,15.0
user580,4347.0,7.492378100362525,43.7744368666911,0,15.0
user580,4348.0,7.492555887896883,43.77439515540539,0,15.0
user580,4349.0,7.492733675431242,43.77435344411968,0,15.0
user580,4350.0,7.4929114629656,43.77431173283397,0,15.0
user580,4351.0,7.493089250499959,43.77427002154827,0,15.0
user580,4352.0,7.493267038034317,43.77422831026256,0,15.0
user580,4353.0,7.493444825568676,43.77418659897685,0,15.0
user580,4354.0,7.493622613103034,43.77414488769114,0,15.0
user580,4355.0,7.493800400637393,43.77410317640544,0,15.0
user580,4356.0,7.493978188171751,43.77406146511973,0,15.0
user580,4357.0,7.49415597570611,43.774019753834025,0,15.0
user580,4358.0,7.494333763240468,43.77397804254832,0,15.0
user580,4359.0,7.494511550774827,43.77393633126261,0,15.0
user580,4360.0,7.494689338309185,43.7738946199769,0,15.0
user580,4361.0,7.494867125843544,43.7738529086912,0,15.0
user580,4362.0,7.495044913377902,43.773811197405486,0,15.0
user580,4363.0,7.495222700912261,43.77376948611978,0,15.0
user580,4364.0,7.495400488446619,43.77372777483407,0,15.0
user580,4365.0,7.495578275980978,43.77368606354837,0,15.0
user580,4366.0,7.495756063515336,43.77364435226266,0,15.0
user580,4367.0,7.495933851049695,43.77360264097696,0,15.0
user580,4368.0,7.496111638584053,43.77356092969124,0,15.0
user580,4369.0,7.496289426118412,43.77351921840554,0,15.0
user580,4370.0,7.49646721365277,43.77347750711983,0,15.0
user580,4371.0,7.496645001187129,43.773435795834125,0,15.0
user580,4372.0,7.496822788721487,43.773394084548414,0,15.0
user580,4373.0,7.497000576255846,43.77335237326271,0,15.0
user580,4374.0,7.497178363790204,43.773310661977,0,15.0
user580,4375.0,7.497356151324563,43.773268950691296,0,15.0
user580,4376.0,7.497533938858921,43.77322723940559,0,15.0
user580,4377.0,7.497711726393279,43.77318552811988,0,15.0
user580,4378.0,7.497889513927638,43.77314381683417,0,15.0
user580,4379.0,7.4980673014619965,43.77310210554847,0,15.0
user580,4380.0,7.498245088996355,43.77306039426276,0,15.0
user580,4381.0,7.4984228765307135,43.77301868297705,0,15.0
user580,4382.0,7.498600664065072,43.77297697169134,0,15.0
user580,4383.0,7.4987784515994305,43.77293526040564,0,15.0
user580,4384.0,7.498956239133789,43.77289354911993,0,15.0
user580,4385.0,7.499134026668147,43.772851837834224,0,15.0
user580,4386.0,7.499311814202506,43.772810126548514,0,15.0
user580,4387.0,7.499489601736864,43.77276841526281,0,15.0
user580,4388.0,7.499667389271223,43.7727267039771,0,15.0
user580,4389.0,7.499845176805581,43.7726849926914,0,15.0
user580,4390.0,7.50002296433994,43.772643281405685,0,15.0
user580,4391.0,7.500200751874298,43.77260157011998,0,15.0
user580,4392.0,7.500378539408657,43.77255985883427,0,15.0
user580,4393.0,7.500556326943015,43.77251814754857,0,15.0
user580,4394.0,7.500734114477374,43.772476436262856,0,15.0
user580,4395.0,7.500911902011732,43.77243472497715,0,15.0
user580,4396.0,7.501089689546091,43.77239301369144,0,15.0
user580,4397.0,7.501267477080449,43.77235130240574,0,15.0
user580,4398.0,7.501445264614808,43.77230959112003,0,15.0
user580,4399.0,7.501623052149166,43.77226787983432,0,15.0
user580,4400.0,7.501800839683525,43.77222616854861,0,15.0
user580,4401.0,7.501978627217883,43.77218445726291,0,15.0
user580,4402.0,7.502156414752242,43.7721427459772,0,15.0
user580,4403.0,7.5023342022866,43.772101034691495,0,15.0
user580,4404.0,7.502511989820959,43.77205932340578,0,15.0
user580,4405.0,7.502689777355317,43.77201761212008,0,15.0
user580,4406.0,7.502867564889676,43.77197590083437,0,15.0
user580,4407.0,7.503045352424034,43.771934189548666,0,15.0
user580,4408.0,7.503223139958393,43.77189247826296,0,15.0
user580,4409.0,7.503400927492751,43.77185076697725,0,15.0
user580,4410.0,7.50357871502711,43.77180905569154,0,15.0
user580,4411.0,7.503756502561468,43.77176734440584,0,15.0
user580,4412.0,7.503934290095827,43.77172563312013,0,15.0
user580,4413.0,7.504112077630185,43.77168392183442,0,15.0
user580,4414.0,7.504289865164543,43.77164221054871,0,15.0
user580,4415.0,7.504467652698902,43.77160049926301,0,15.0
user580,4416.0,7.5046454402332605,43.7715587879773,0,15.0
user580,4417.0,7.504823227767619,43.7715170766916,0,15.0
user580,4418.0,7.5050010153019775,43.77147536540589,0,15.0
user580,4419.0,7.505178802836336,43.77143365412018,0,15.0
user580,4420.0,7.5053565903706945,43.77139194283447,0,15.0
user580,4421.0,7.505534377905053,43.771350231548766,0,15.0
user580,4422.0,7.505712165439411,43.771308520263055,0,15.0
user580,4423.0,7.50588995297377,43.77126680897735,0,15.0
user580,4424.0,7.506067740508128,43.77122509769164,0,15.0
user580,4425.0,7.506245528042487,43.77118338640594,0,15.0
user580,4426.0,7.506423315576845,43.77114167512023,0,15.0
user580,4427.0,7.506601103111204,43.77109996383452,0,15.0
user580,4428.0,7.506778890645562,43.77105825254881,0,15.0
user580,4429.0,7.506956678179921,43.77101654126311,0,15.0
user580,4430.0,7.507134465714279,43.7709748299774,0,15.0
user580,4431.0,7.507312253248638,43.770933118691694,0,15.0
user580,4432.0,7.507490040782996,43.77089140740598,0,15.0
user580,4433.0,7.507667828317355,43.77084969612028,0,15.0
user580,4434.0,7.507845615851713,43.77080798483457,0,15.0
user580,4435.0,7.508023403386072,43.77076627354887,0,15.0
user580,4436.0,7.50820119092043,43.77072456226316,0,15.0
user580,4437.0,7.508378978454789,43.77068285097745,0,15.0
user580,4438.0,7.508556765989147,43.77064113969175,0,15.0
user580,4439.0,7.508734553523506,43.77059942840604,0,15.0
user580,4440.0,7.508912341057864,43.77055771712033,0,15.0
user580,4441.0,7.509090128592223,43.77051600583462,0,15.0
user580,4442.0,7.509267916126581,43.77047429454892,0,15.0
user580,4443.0,7.50944570366094,43.77043258326321,0,15.0
user580,4444.0,7.509623491195298,43.770390871977504,0,15.0
user580,4445.0,7.509801278729657,43.770349160691794,0,15.0
user580,4446.0,7.509979066264015,43.77030744940609,0,15.0
user580,4447.0,7.510156853798374,43.77026573812038,0,15.0
user580,4448.0,7.510334641332688,43.77022402683468,0,15.0
user580,4449.0,7.510334685313236,43.77035974415273,0,15.0
user580,4450.0,7.510334729293784,43.770495461470766,0,15.0
user580,4451.0,7.510334773274332,43.77063117878881,0,15.0
user580,4452.0,7.51033481725488,43.77076689610685,0,15.0
user580,4453.0,7.510334861235428,43.770902613424894,0,15.0
user580,4454.0,7.510334905215976,43.77103833074293,0,15.0
user580,4455.0,7.510334949196524,43.77117404806098,0,15.0
user580,4456.0,7.510334993177072,43.771309765379016,0,15.0
user580,4457.0,7.51033503715762,43.77144548269706,0,15.0
user580,4458.0,7.510335081138169,43.77158120001511,0,15.0
user580,4459.0,7.510335125118717,43.77171691733314,0,15.0
user580,4460.0,7.510335169099265,43.77185263465119,0,15.0
user580,4461.0,7.510335213079813,43.77198835196923,0,15.0
user580,4462.0,7.510335257060361,43.77212406928727,0,15.0
user580,4463.0,7.510335301040909,43.77225978660531,0,15.0
user580,4464.0,7.510335345021457,43.77239550392336,0,15.0
user580,4465.0,7.510335389002005,43.7725312212414,0,15.0
user580,4466.0,7.510335432982553,43.77266693855944,0,15.0
user580,4467.0,7.510335476963101,43.77280265587749,0,15.0
user580,4468.0,7.5103355209436495,43.77293837319552,0,15.0
user580,4469.0,7.510335564924198,43.77307409051357,0,15.0
user580,4470.0,7.510335608904746,43.773209807831606,0,15.0
user580,4471.0,7.510335652885294,43.77334552514965,0,15.0
user580,4472.0,7.510335696865842,43.77348124246769,0,15.0
user580,4473.0,7.51033574084639,43.77361695978573,0,15.0
user580,4474.0,7.510335784826938,43.77375267710378,0,15.0
user580,4475.0,7.510335828807486,43.77388839442182,0,15.0
user580,4476.0,7.510335872788034,43.77402411173986,0,15.0
user580,4477.0,7.510335916768582,43.7741598290579,0,15.0
user580,4478.0,7.51033596074913,43.774295546375946,0,15.0
user580,4479.0,7.5103360047296785,43.774431263693984,0,15.0
user580,4480.0,7.510336048710227,43.77456698101203,0,15.0
user580,4481.0,7.510336092690775,43.77470269833008,0,15.0
user580,4482.0,7.510336136671323,43.77483841564811,0,15.0
user580,4483.0,7.510336180651871,43.77497413296616,0,15.0
user580,4484.0,7.510336224632419,43.7751098502842,0,15.0
user580,4485.0,7.510336268612967,43.77524556760224,0,15.0
user580,4486.0,7.510336312593515,43.77538128492028,0,15.0
user580,4487.0,7.510336356574063,43.77551700223832,0,15.0
user580,4488.0,7.510336400554611,43.77565271955636,0,15.0
user580,4489.0,7.510336444535159,43.77578843687441,0,15.0
user580,4490.0,7.510336488515708,43.77592415419245,0,15.0
user580,4491.0,7.510336532496256,43.77605987151049,0,15.0
user580,4492.0,7.510336576476804,43.776195588828536,0,15.0
user580,4493.0,7.510336620457352,43.776331306146574,0,15.0
user580,4494.0,7.5103366644379,43.77646702346462,0,15.0
user580,4495.0,7.510336708418448,43.77660274078266,0,15.0
user580,4496.0,7.510336752398996,43.7767384581007,0,15.0
user580,4497.0,7.510336796379544,43.77687417541874,0,15.0
user580,4498.0,7.510336840360092,43.77700989273679,0,15.0
user580,4499.0,7.51033688434064,43.77714561005483,0,15.0
user580,4500.0,7.510336928321188,43.77728132737287,0,15.0
user580,4501.0,7.510336972301737,43.777417044690914,0,15.0
user580,4502.0,7.510337016282285,43.77755276200895,0,15.0
user580,4503.0,7.510337060262833,43.777688479327,0,15.0
user580,4504.0,7.510337104243381,43.77782419664504,0,15.0
user580,4505.0,7.510337148223929,43.77795991396308,0,15.0
user580,4506.0,7.510337192204477,43.778095631281126,0,15.0
user580,4507.0,7.510337236185025,43.77823134859917,0,15.0
user580,4508.0,7.510337280165573,43.77836706591721,0,15.0
user580,4509.0,7.510337324146121,43.77850278323525,0,15.0
user580,4510.0,7.510337368126669,43.77863850055329,0,15.0
user580,4511.0,7.5103374121072175,43.77877421787133,0,15.0
user580,4512.0,7.510337456087766,43.778909935189375,0,15.0
user580,4513.0,7.510337500068314,43.77904565250741,0,15.0
user580,4514.0,7.510337544048862,43.77918136982546,0,15.0
user580,4515.0,7.510337588029402,43.779317087118834,0,15.0
user580,4516.0,7.510159800495043,43.77927537583313,0,15.0
user580,4517.0,7.509982012960685,43.77923366454742,0,15.0
user580,4518.0,7.509804225426326,43.77919195326172,0,15.0
user580,4519.0,7.509626437891968,43.779150241976005,0,15.0
user580,4520.0,7.5094486503576094,43.7791085306903,0,15.0
user580,4521.0,7.509270862823251,43.77906681940459,0,15.0
user580,4522.0,7.5090930752888925,43.77902510811889,0,15.0
user580,4523.0,7.508915287754534,43.778983396833176,0,15.0
user580,4524.0,7.508737500220175,43.77894168554747,0,15.0
user580,4525.0,7.508559712685817,43.77889997426176,0,15.0
user580,4526.0,7.508381925151458,43.77885826297606,0,15.0
user580,4527.0,7.5082041376171,43.77881655169035,0,15.0
user580,4528.0,7.508026350082741,43.77877484040464,0,15.0
user580,4529.0,7.507848562548383,43.77873312911893,0,15.0
user580,4530.0,7.507670775014025,43.77869141783323,0,15.0
user580,4531.0,7.507492987479666,43.77864970654752,0,15.0
user580,4532.0,7.507315199945308,43.778607995261815,0,15.0
user580,4533.0,7.507137412410949,43.778566283976105,0,15.0
user580,4534.0,7.506959624876591,43.7785245726904,0,15.0
user580,4535.0,7.506781837342232,43.77848286140469,0,15.0
user580,4536.0,7.506604049807874,43.77844115011899,0,15.0
user580,4537.0,7.506426262273515,43.77839943883328,0,15.0
user580,4538.0,7.506248474739157,43.77835772754757,0,15.0
user580,4539.0,7.506070687204798,43.77831601626186,0,15.0
user580,4540.0,7.50589289967044,43.77827430497616,0,15.0
user580,4541.0,7.505715112136081,43.77823259369045,0,15.0
user580,4542.0,7.505537324601723,43.77819088240474,0,15.0
user580,4543.0,7.505359537067364,43.77814917111903,0,15.0
user580,4544.0,7.505181749533006,43.77810745983333,0,15.0
user580,4545.0,7.505003961998647,43.77806574854762,0,15.0
user580,4546.0,7.504826174464289,43.77802403726192,0,15.0
user580,4547.0,7.50464838692993,43.77798232597621,0,15.0
user580,4548.0,7.504470599395572,43.7779406146905,0,15.0
user580,4549.0,7.504292811861213,43.77789890340479,0,15.0
user580,4550.0,7.504115024326855,43.777857192119086,0,15.0
user580,4551.0,7.503937236792496,43.777815480833375,0,15.0
user580,4552.0,7.503759449258138,43.77777376954767,0,15.0
user580,4553.0,7.503581661723779,43.77773205826196,0,15.0
user580,4554.0,7.503403874189421,43.77769034697626,0,15.0
user580,4555.0,7.503226086655062,43.77764863569055,0,15.0
user580,4556.0,7.503048299120704,43.77760692440484,0,15.0
user580,4557.0,7.502870511586345,43.77756521311913,0,15.0
user580,4558.0,7.502692724051987,43.77752350183343,0,15.0
user580,4559.0,7.5025149365176285,43.77748179054772,0,15.0
user580,4560.0,7.50233714898327,43.777440079262014,0,15.0
user580,4561.0,7.502159361448911,43.7773983679763,0,15.0
user580,4562.0,7.501981573914553,43.7773566566906,0,15.0
user580,4563.0,7.501803786380194,43.77731494540489,0,15.0
user580,4564.0,7.501625998845836,43.77727323411919,0,15.0
user580,4565.0,7.501448211311477,43.77723152283348,0,15.0
user580,4566.0,7.501270423777119,43.77718981154777,0,15.0
user580,4567.0,7.501092636242761,43.77714810026206,0,15.0
user580,4568.0,7.500914848708402,43.77710638897636,0,15.0
user580,4569.0,7.500737061174044,43.777064677690646,0,15.0
user580,4570.0,7.500559273639685,43.77702296640494,0,15.0
user580,4571.0,7.500381486105327,43.77698125511923,0,15.0
user580,4572.0,7.500203698570968,43.77693954383353,0,15.0
user580,4573.0,7.50002591103661,43.77689783254782,0,15.0
user580,4574.0,7.499848123502251,43.776856121262114,0,15.0
user580,4575.0,7.499670335967893,43.7768144099764,0,15.0
user580,4576.0,7.499492548433534,43.7767726986907,0,15.0
user580,4577.0,7.499314760899176,43.77673098740499,0,15.0
user580,4578.0,7.499136973364817,43.776689276119285,0,15.0
user580,4579.0,7.498959185830459,43.77664756483357,0,15.0
user580,4580.0,7.4987813982961,43.77660585354787,0,15.0
user580,4581.0,7.498603610761742,43.77656414226216,0,15.0
user580,4582.0,7.498425823227383,43.776522430976456,0,15.0
user580,4583.0,7.498248035693025,43.776480719690746,0,15.0
user580,4584.0,7.498070248158666,43.77643900840504,0,15.0
user580,4585.0,7.497892460624308,43.77639729711933,0,15.0
user580,4586.0,7.497714673089949,43.77635558583363,0,15.0
user580,4587.0,7.497536885555591,43.77631387454792,0,15.0
user580,4588.0,7.497359098021232,43.77627216326221,0,15.0
user580,4589.0,7.497181310486874,43.7762304519765,0,15.0
user580,4590.0,7.497003522952515,43.7761887406908,0,15.0
user580,4591.0,7.496825735418157,43.77614702940509,0,15.0
user580,4592.0,7.496647947883798,43.77610531811938,0,15.0
user580,4593.0,7.49647016034944,43.77606360683368,0,15.0
user580,4594.0,7.496292372815081,43.77602189554797,0,15.0
user580,4595.0,7.496114585280723,43.77598018426226,0,15.0
user580,4596.0,7.4959367977463645,43.77593847297656,0,15.0
user580,4597.0,7.495759010212006,43.775896761690845,0,15.0
user580,4598.0,7.495581222677647,43.77585505040514,0,15.0
user580,4599.0,7.495403435143289,43.77581333911943,0,15.0
user580,4600.0,7.49522564760893,43.77577162783373,0,15.0
user580,4601.0,7.495047860074572,43.775729916548016,0,15.0
user580,4602.0,7.494870072540213,43.77568820526231,0,15.0
user580,4603.0,7.494692285005855,43.7756464939766,0,15.0
user580,4604.0,7.494514497471497,43.7756047826909,0,15.0
user580,4605.0,7.494336709937138,43.77556307140519,0,15.0
user580,4606.0,7.49415892240278,43.77552136011949,0,15.0
user580,4607.0,7.493981134868421,43.77547964883377,0,15.0
user580,4608.0,7.493803347334063,43.77543793754807,0,15.0
user580,4609.0,7.493625559799704,43.77539622626236,0,15.0
user580,4610.0,7.493447772265346,43.775354514976655,0,15.0
user580,4611.0,7.493269984730987,43.775312803690944,0,15.0
user580,4612.0,7.493092197196629,43.77527109240524,0,15.0
user580,4613.0,7.49291440966227,43.77522938111953,0,15.0
user580,4614.0,7.492736622127912,43.77518766983383,0,15.0
user580,4615.0,7.492558834593553,43.77514595854812,0,15.0
user580,4616.0,7.492381047059195,43.77510424726241,0,15.0
user580,4617.0,7.492203259524836,43.7750625359767,0,15.0
user580,4618.0,7.492025471990478,43.775020824691,0,15.0
user580,4619.0,7.491847684456119,43.77497911340529,0,15.0
user580,4620.0,7.491669896921761,43.77493740211958,0,15.0
user580,4621.0,7.491492109387402,43.77489569083387,0,15.0
user580,4622.0,7.491314321853044,43.77485397954817,0,15.0
user580,4623.0,7.491136534318685,43.77481226826246,0,15.0
user580,4624.0,7.490958746784327,43.77477055697676,0,15.0
user580,4625.0,7.490780959249968,43.77472884569104,0,15.0
user580,4626.0,7.49060317171561,43.77468713440534,0,15.0
user580,4627.0,7.490425384181251,43.77464542311963,0,15.0
user580,4628.0,7.490247596646893,43.774603711833926,0,15.0
user580,4629.0,7.490069809112534,43.774562000548215,0,15.0
user580,4630.0,7.489892021578176,43.77452028926251,0,15.0
user580,4631.0,7.489714234043817,43.7744785779768,0,15.0
user580,4632.0,7.489536446509459,43.7744368666911,0,15.0
user580,4633.0,7.4893586589751004,43.77439515540539,0,15.0
user580,4634.0,7.489180871440742,43.77435344411968,0,15.0
user580,4635.0,7.489003083906383,43.77431173283397,0,15.0
user580,4636.0,7.488825296372025,43.77427002154827,0,15.0
user580,4637.0,7.488647508837666,43.77422831026256,0,15.0
user580,4638.0,7.488469721303308,43.77418659897685,0,15.0
user580,4639.0,7.488291933768949,43.77414488769114,0,15.0
user580,4640.0,7.488114146234591,43.77410317640544,0,15.0
user580,4641.0,7.487936358700232,43.77406146511973,0,15.0
user580,4642.0,7.487758571165874,43.774019753834025,0,15.0
user580,4643.0,7.487580783631516,43.77397804254832,0,15.0
user580,4644.0,7.487402996097157,43.77393633126261,0,15.0
user580,4645.0,7.487225208562799,43.7738946199769,0,15.0
user580,4646.0,7.48704742102844,43.7738529086912,0,15.0
user580,4647.0,7.486869633494082,43.773811197405486,0,15.0
user580,4648.0,7.486691845959723,43.77376948611978,0,15.0
user580,4649.0,7.486514058425365,43.77372777483407,0,15.0
user580,4650.0,7.486336270891006,43.77368606354837,0,15.0
user580,4651.0,7.486158483356648,43.77364435226266,0,15.0
user580,4652.0,7.485980695822289,43.77360264097696,0,15.0
user580,4653.0,7.485802908287931,43.77356092969124,0,15.0
user580,4654.0,7.485625120753572,43.77351921840554,0,15.0
user580,4655.0,7.485447333219214,43.77347750711983,0,15.0
user580,4656.0,7.485269545684855,43.773435795834125,0,15.0
user580,4657.0,7.485091758150497,43.773394084548414,0,15.0
user580,4658.0,7.484913970616138,43.77335237326271,0,15.0
user580,4659.0,7.48473618308178,43.773310661977,0,15.0
user580,4660.0,7.484558395547421,43.773268950691296,0,15.0
user580,4661.0,7.484380608013063,43.77322723940559,0,15.0
user580,4662.0,7.484202820478704,43.77318552811988,0,15.0
user580,4663.0,7.484025032944346,43.77314381683417,0,15.0
user580,4664.0,7.483847245409987,43.77310210554847,0,15.0
user580,4665.0,7.483669457875629,43.77306039426276,0,15.0
user580,4666.0,7.48349167034127,43.77301868297705,0,15.0
user580,4667.0,7.483313882806912,43.77297697169134,0,15.0
user580,4668.0,7.483136095272553,43.77293526040564,0,15.0
user580,4669.0,7.482958307738195,43.77289354911993,0,15.0
user580,4670.0,7.482780520203836,43.772851837834224,0,15.0
user580,4671.0,7.482602732669478,43.772810126548514,0,15.0
user580,4672.0,7.482424945135119,43.77276841526281,0,15.0
user580,4673.0,7.482247157600761,43.7727267039771,0,15.0
user580,4674.0,7.482069370066402,43.7726849926914,0,15.0
user580,4675.0,7.481891582532044,43.772643281405685,0,15.0
user580,4676.0,7.481713794997685,43.77260157011998,0,15.0
user580,4677.0,7.481536007463327,43.77255985883427,0,15.0
user580,4678.0,7.481358219928968,43.77251814754857,0,15.0
user580,4679.0,7.48118043239461,43.772476436262856,0,15.0
user580,4680.0,7.481002644860252,43.77243472497715,0,15.0
user580,4681.0,7.480824857325893,43.77239301369144,0,15.0
user580,4682.0,7.480647069791535,43.77235130240574,0,15.0
user580,4683.0,7.480469282257176,43.77230959112003,0,15.0
user580,4684.0,7.480291494722818,43.77226787983432,0,15.0
user580,4685.0,7.480113707188459,43.77222616854861,0,15.0
user580,4686.0,7.479935919654101,43.77218445726291,0,15.0
user580,4687.0,7.479758132119742,43.7721427459772,0,15.0
user580,4688.0,7.479580344585384,43.772101034691495,0,15.0
user580,4689.0,7.479402557051025,43.77205932340578,0,15.0
user580,4690.0,7.479224769516667,43.77201761212008,0,15.0
user580,4691.0,7.479046981982308,43.77197590083437,0,15.0
user580,4692.0,7.47886919444795,43.771934189548666,0,15.0
user580,4693.0,7.478691406913591,43.77189247826296,0,15.0
user580,4694.0,7.478513619379233,43.77185076697725,0,15.0
user580,4695.0,7.478335831844874,43.77180905569154,0,15.0
user580,4696.0,7.478158044310516,43.77176734440584,0,15.0
user580,4697.0,7.477980256776157,43.77172563312013,0,15.0
user580,4698.0,7.477802469241799,43.77168392183442,0,15.0
user580,4699.0,7.47762468170744,43.77164221054871,0,15.0
user580,4700.0,7.477446894173082,43.77160049926301,0,15.0
user580,4701.0,7.477269106638723,43.7715587879773,0,15.0
user580,4702.0,7.477091319104365,43.7715170766916,0,15.0
user580,4703.0,7.476913531570006,43.77147536540589,0,15.0
user580,4704.0,7.476735744035648,43.77143365412018,0,15.0
user580,4705.0,7.476557956501289,43.77139194283447,0,15.0
user580,4706.0,7.476380168966931,43.771350231548766,0,15.0
user580,4707.0,7.476202381432572,43.771308520263055,0,15.0
user580,4708.0,7.476024593898214,43.77126680897735,0,15.0
user580,4709.0,7.475846806363855,43.77122509769164,0,15.0
user580,4710.0,7.475669018829497,43.77118338640594,0,15.0
user580,4711.0,7.475491231295138,43.77114167512023,0,15.0
user580,4712.0,7.47531344376078,43.77109996383452,0,15.0
user580,4713.0,7.475135656226421,43.77105825254881,0,15.0
user580,4714.0,7.474957868692063,43.77101654126311,0,15.0
user580,4715.0,7.474780081157704,43.7709748299774,0,15.0
user580,4716.0,7.474602293623346,43.770933118691694,0,15.0
user580,4717.0,7.474424506088988,43.77089140740598,0,15.0
user580,4718.0,7.474246718554629,43.77084969612028,0,15.0
user580,4719.0,7.474068931020271,43.77080798483457,0,15.0
user580,4720.0,7.473891143485912,43.77076627354887,0,15.0
user580,4721.0,7.473713355951554,43.77072456226316,0,15.0
user580,4722.0,7.473535568417195,43.77068285097745,0,15.0
user580,4723.0,7.473357780882837,43.77064113969175,0,15.0
user580,4724.0,7.473179993348478,43.77059942840604,0,15.0
user580,4725.0,7.47300220581412,43.77055771712033,0,15.0
user580,4726.0,7.472824418279761,43.77051600583462,0,15.0
user580,4727.0,7.472646630745403,43.77047429454892,0,15.0
user580,4728.0,7.472468843211044,43.77043258326321,0,15.0
user580,4729.0,7.472291055676686,43.770390871977504,0,15.0
user580,4730.0,7.472113268142327,43.770349160691794,0,15.0
user580,4731.0,7.471935480607969,43.77030744940609,0,15.0
user580,4732.0,7.47175769307361,43.77026573812038,0,15.0
user580,4733.0,7.471579905539296,43.77022402683468,0,15.0
user580,4734.0,7.471731386385017,43.770303497910255,0,15.0
user580,4735.0,7.471882867230739,43.77038296898584,0,15.0
user580,4736.0,7.47203434807646,43.77046244006141,0,15.0
user580,4737.0,7.472185828922181,43.77054191113698,0,15.0
user580,4738.0,7.4723373097679024,43.77062138221255,0,15.0
user580,4739.0,7.472488790613624,43.77070085328813,0,15.0
user580,4740.0,7.472640271459345,43.770780324363706,0,15.0
user580,4741.0,7.472791752305066,43.77085979543928,0,15.0
user580,4742.0,7.4729432331507875,43.77093926651485,0,15.0
user580,4743.0,7.473094713996509,43.77101873759043,0,15.0
user580,4744.0,7.47324619484223,43.771098208666,0,15.0
user580,4745.0,7.473397675687951,43.77117767974158,0,15.0
user580,4746.0,7.473549156533672,43.77125715081715,0,15.0
user580,4747.0,7.473700637379394,43.77133662189273,0,15.0
user580,4748.0,7.473852118225115,43.7714160929683,0,15.0
user580,4749.0,7.474003599070836,43.77149556404388,0,15.0
user580,4750.0,7.474155079916557,43.77157503511945,0,15.0
user580,4751.0,7.474306560762279,43.77165450619503,0,15.0
user580,4752.0,7.474458041608,43.7717339772706,0,15.0
user580,4753.0,7.474609522453721,43.77181344834617,0,15.0
user580,4754.0,7.474761003299442,43.77189291942175,0,15.0
user580,4755.0,7.474912484145164,43.771972390497325,0,15.0
user580,4756.0,7.475063964990885,43.7720518615729,0,15.0
user580,4757.0,7.475215445836606,43.77213133264847,0,15.0
user580,4758.0,7.475366926682327,43.77221080372405,0,15.0
user580,4759.0,7.475518407528049,43.77229027479962,0,15.0
user580,4760.0,7.47566988837377,43.7723697458752,0,15.0
user580,4761.0,7.475821369219491,43.77244921695077,0,15.0
user580,4762.0,7.4759728500652125,43.77252868802635,0,15.0
user580,4763.0,7.476124330910934,43.77260815910192,0,15.0
user580,4764.0,7.476275811756655,43.77268763017749,0,15.0
user580,4765.0,7.476427292602376,43.772767101253066,0,15.0
user580,4766.0,7.4765787734480975,43.772846572328646,0,15.0
user580,4767.0,7.476730254293819,43.77292604340422,0,15.0
user580,4768.0,7.47688173513954,43.77300551447979,0,15.0
user580,4769.0,7.477033215985261,43.77308498555536,0,15.0
user580,4770.0,7.4771846968309825,43.773164456630944,0,15.0
user580,4771.0,7.477336177676704,43.77324392770652,0,15.0
user580,4772.0,7.477487658522425,43.77332339878209,0,15.0
user580,4773.0,7.477639139368146,43.77340286985766,0,15.0
user580,4774.0,7.4777906202138675,43.77348234093324,0,15.0
user580,4775.0,7.477942101059589,43.773561812008815,0,15.0
user580,4776.0,7.47809358190531,43.77364128308439,0,15.0
user580,4777.0,7.478245062751031,43.77372075415997,0,15.0
user580,4778.0,7.478396543596752,43.77380022523554,0,15.0
user580,4779.0,7.478548024442474,43.77387969631111,0,15.0
user580,4780.0,7.478699505288195,43.773959167386685,0,15.0
user580,4781.0,7.478850986133916,43.774038638462265,0,15.0
user580,4782.0,7.479002466979637,43.77411810953784,0,15.0
user580,4783.0,7.479153947825359,43.77419758061341,0,15.0
user580,4784.0,7.47930542867108,43.77427705168898,0,15.0
user580,4785.0,7.479456909516801,43.77435652276456,0,15.0
user580,4786.0,7.479608390362523,43.774435993840136,0,15.0
user580,4787.0,7.479759871208244,43.77451546491571,0,15.0
user580,4788.0,7.479911352053965,43.77459493599128,0,15.0
user580,4789.0,7.480062832899686,43.77467440706686,0,15.0
user580,4790.0,7.480214313745408,43.774753878142434,0,15.0
user580,4791.0,7.480365794591129,43.77483334921801,0,15.0
user580,4792.0,7.48051727543685,43.77491282029358,0,15.0
user580,4793.0,7.480668756282571,43.77499229136916,0,15.0
user580,4794.0,7.480820237128293,43.77507176244473,0,15.0
user580,4795.0,7.480971717974014,43.77515123352031,0,15.0
user580,4796.0,7.481123198819735,43.77523070459588,0,15.0
user580,4797.0,7.481274679665456,43.77531017567146,0,15.0
user580,4798.0,7.481426160511178,43.77538964674703,0,15.0
user580,4799.0,7.481577641356899,43.7754691178226,0,15.0
user580,4800.0,7.48172912220262,43.77554858889818,0,15.0
user580,4801.0,7.481880603048341,43.77562805997376,0,15.0
user580,4802.0,7.482032083894063,43.77570753104933,0,15.0
user580,4803.0,7.482183564739784,43.7757870021249,0,15.0
user580,4804.0,7.482335045585505,43.77586647320048,0,15.0
user580,4805.0,7.482486526431226,43.77594594427605,0,15.0
user580,4806.0,7.482638007276948,43.776025415351626,0,15.0
user580,4807.0,7.482789488122669,43.7761048864272,0,15.0
user580,4808.0,7.48294096896839,43.77618435750278,0,15.0
user580,4809.0,7.483092449814111,43.77626382857835,0,15.0
user580,4810.0,7.483243930659833,43.77634329965392,0,15.0
user580,4811.0,7.483395411505554,43.776422770729496,0,15.0
user580,4812.0,7.483546892351275,43.77650224180508,0,15.0
user580,4813.0,7.483698373196996,43.77658171288065,0,15.0
user580,4814.0,7.483849854042718,43.77666118395622,0,15.0
user580,4815.0,7.484001334888439,43.776740655031794,0,15.0
user580,4816.0,7.48415281573416,43.776820126107374,0,15.0
user580,4817.0,7.484304296579881,43.77689959718295,0,15.0
user580,4818.0,7.484455777425603,43.77697906825852,0,15.0
user580,4819.0,7.484607258271324,43.77705853933409,0,15.0
user580,4820.0,7.484758739117045,43.77713801040967,0,15.0
user580,4821.0,7.484910219962766,43.777217481485245,0,15.0
user580,4822.0,7.485061700808488,43.77729695256082,0,15.0
user580,4823.0,7.485213181654209,43.7773764236364,0,15.0
user580,4824.0,7.48536466249993,43.77745589471197,0,15.0
user580,4825.0,7.485516143345651,43.77753536578754,0,15.0
user580,4826.0,7.485667624191373,43.77761483686312,0,15.0
user580,4827.0,7.485819105037094,43.777694307938695,0,15.0
user580,4828.0,7.485970585882815,43.77777377901427,0,15.0
user580,4829.0,7.486122066728536,43.77785325008984,0,15.0
user580,4830.0,7.486273547574258,43.77793272116541,0,15.0
user580,4831.0,7.486425028419979,43.77801219224099,0,15.0
user580,4832.0,7.4865765092657,43.778091663316566,0,15.0
user580,4833.0,7.486727990111421,43.77817113439214,0,15.0
user580,4834.0,7.486879470957143,43.77825060546771,0,15.0
user580,4835.0,7.487030951802864,43.77833007654329,0,15.0
user580,4836.0,7.487182432648585,43.778409547618864,0,15.0
user580,4837.0,7.487333913494306,43.77848901869444,0,15.0
user580,4838.0,7.487485394340028,43.77856848977001,0,15.0
user580,4839.0,7.487636875185749,43.77864796084559,0,15.0
user580,4840.0,7.48778835603147,43.77872743192116,0,15.0
user580,4841.0,7.487939836877191,43.778806902996735,0,15.0
user580,4842.0,7.488091317722913,43.77888637407231,0,15.0
user580,4843.0,7.488242798568634,43.77896584514789,0,15.0
user580,4844.0,7.488394279414355,43.77904531622346,0,15.0
user580,4845.0,7.4885457602600765,43.77912478729903,0,15.0
user580,4846.0,7.488697241105798,43.77920425837461,0,15.0
user580,4847.0,7.488848721951519,43.779283729450185,0,15.0
user580,4848.0,7.48900020279724,43.77936320052576,0,15.0
user580,4849.0,7.4891516836429615,43.77944267160133,0,15.0
user580,4850.0,7.489303164488683,43.77952214267691,0,15.0
user580,4851.0,7.489454645334404,43.77960161375248,0,15.0
user580,4852.0,7.489606126180125,43.779681084828056,0,15.0
user580,4853.0,7.4897576070258465,43.77976055590363,0,15.0
user580,4854.0,7.489909087871568,43.77984002697921,0,15.0
user580,4855.0,7.490060568717289,43.77991949805478,0,15.0
user580,4856.0,7.49021204956301,43.779998969130354,0,15.0
user580,4857.0,7.4903635304087315,43.780078440205926,0,15.0
user580,4858.0,7.490515011254453,43.78015791128151,0,15.0
user580,4859.0,7.490666492100174,43.78023738235708,0,15.0
user580,4860.0,7.490817972945895,43.78031685343265,0,15.0
user580,4861.0,7.490969453791616,43.780396324508224,0,15.0
user580,4862.0,7.491120934637338,43.78047579558381,0,15.0
user580,4863.0,7.491272415483059,43.78055526665938,0,15.0
user580,4864.0,7.49142389632878,43.78063473773495,0,15.0
user580,4865.0,7.491575377174501,43.78071420881053,0,15.0
user580,4866.0,7.491726858020223,43.7807936798861,0,15.0
user580,4867.0,7.491878338865944,43.78087315096168,0,15.0
user580,4868.0,7.492029819711665,43.78095262203725,0,15.0
user580,4869.0,7.492181300557386,43.78103209311283,0,15.0
user580,4870.0,7.492332781403108,43.7811115641884,0,15.0
user580,4871.0,7.492484262248829,43.78119103526397,0,15.0
user580,4872.0,7.49263574309455,43.781270506339546,0,15.0
user580,4873.0,7.492787223940271,43.781349977415125,0,15.0
user580,4874.0,7.492938704785993,43.7814294484907,0,15.0
user580,4875.0,7.493090185631714,43.78150891956627,0,15.0
user580,4876.0,7.493241666477435,43.78158839064184,0,15.0
user580,4877.0,7.493393147323155,43.78166786171742,0,15.0
user580,4878.0,7.493544628168878,43.781747332793,0,15.0
user580,4879.0,7.493696109014599,43.78182680386857,0,15.0
user580,4880.0,7.49384758986032,43.78190627494414,0,15.0
user580,4881.0,7.4939990707060415,43.78198574601972,0,15.0
user580,4882.0,7.494150551551763,43.782065217095294,0,15.0
user580,4883.0,7.494302032397484,43.78214468817087,0,15.0
user580,4884.0,7.494453513243205,43.78222415924644,0,15.0
user580,4885.0,7.4946049940889266,43.78230363032202,0,15.0
user580,4886.0,7.494756474934648,43.78238310139759,0,15.0
user580,4887.0,7.494907955780369,43.782462572473165,0,15.0
user580,4888.0,7.49505943662609,43.78254204354874,0,15.0
user580,4889.0,7.495210917471812,43.78262151462432,0,15.0
user580,4890.0,7.495362398317533,43.78270098569989,0,15.0
user580,4891.0,7.495513879163254,43.78278045677546,0,15.0
user580,4892.0,7.495665360008975,43.78285992785104,0,15.0
user580,4893.0,7.495816840854697,43.782939398926615,0,15.0
user580,4894.0,7.495968321700418,43.78301887000219,0,15.0
user580,4895.0,7.496119802546139,43.78309834107776,0,15.0
user580,4896.0,7.49627128339186,43.78317781215334,0,15.0
user580,4897.0,7.496422764237582,43.78325728322891,0,15.0
user580,4898.0,7.496574245083303,43.783336754304486,0,15.0
user580,4899.0,7.496725725929024,43.78341622538006,0,15.0
user580,4900.0,7.496877206774745,43.78349569645564,0,15.0
user580,4901.0,7.497028687620467,43.78357516753121,0,15.0
user580,4902.0,7.497180168466188,43.783654638606784,0,15.0
user580,4903.0,7.497331649311909,43.78373410968236,0,15.0
user580,4904.0,7.49748313015763,43.783813580757936,0,15.0
user580,4905.0,7.497634611003352,43.78389305183351,0,15.0
user580,4906.0,7.497786091849073,43.78397252290908,0,15.0
user580,4907.0,7.497937572694794,43.784051993984654,0,15.0
user580,4908.0,7.498089053540515,43.78413146506024,0,15.0
user580,4909.0,7.498240534386237,43.78421093613581,0,15.0
user580,4910.0,7.498392015231958,43.78429040721138,0,15.0
user580,4911.0,7.498543496077679,43.78436987828696,0,15.0
user580,4912.0,7.4986949769234,43.78444934936253,0,15.0
user580,4913.0,7.498846457769122,43.784528820438105,0,15.0
user580,4914.0,7.498997938614843,43.78460829151368,0,15.0
user580,4915.0,7.499149419460564,43.78468776258926,0,15.0
user580,4916.0,7.499300900306285,43.78476723366483,0,15.0
user580,4917.0,7.499452381152007,43.7848467047404,0,15.0
user580,4918.0,7.499603861997728,43.784926175815976,0,15.0
user580,4919.0,7.499755342843449,43.78500564689156,0,15.0
user580,4920.0,7.49990682368917,43.78508511796713,0,15.0
user580,4921.0,7.500058304534892,43.7851645890427,0,15.0
user580,4922.0,7.500209785380613,43.78524406011827,0,15.0
user580,4923.0,7.500361266226334,43.78532353119385,0,15.0
user580,4924.0,7.500512747072055,43.78540300226943,0,15.0
user580,4925.0,7.500664227917777,43.785482473345,0,15.0
user580,4926.0,7.500815708763498,43.78556194442057,0,15.0
user580,4927.0,7.500967189609219,43.78564141549615,0,15.0
user580,4928.0,7.50111867045494,43.78572088657173,0,15.0
user580,4929.0,7.501270151300662,43.7858003576473,0,15.0
user580,4930.0,7.501421632146383,43.78587982872288,0,15.0
user580,4931.0,7.501573112992104,43.78595929979845,0,15.0
user580,4932.0,7.501724593837825,43.78603877087402,0,15.0
user580,4933.0,7.501876074683547,43.7861182419496,0,15.0
user580,4934.0,7.502027555529268,43.78619771302517,0,15.0
user580,4935.0,7.502179036374989,43.78627718410075,0,15.0
user580,4936.0,7.50233051722071,43.78635665517632,0,15.0
user580,4937.0,7.502481998066432,43.78643612625189,0,15.0
user580,4938.0,7.502633478912153,43.78651559732747,0,15.0
user580,4939.0,7.502784959757874,43.786595068403045,0,15.0
user580,4940.0,7.502936440603526,43.78667453947858,0,15.0
user580,4941.0,7.502936413513436,43.78653927844957,0,15.0
user580,4942.0,7.502936386423346,43.78640401742055,0,15.0
user580,4943.0,7.502936359333256,43.78626875639154,0,15.0
user580,4944.0,7.502936332243165,43.78613349536253,0,15.0
user580,4945.0,7.502936305153075,43.78599823433351,0,15.0
user580,4946.0,7.502936278062985,43.785862973304496,0,15.0
user580,4947.0,7.502936250972895,43.78572771227548,0,15.0
user580,4948.0,7.502936223882805,43.78559245124647,0,15.0
user580,4949.0,7.502936196792715,43.78545719021746,0,15.0
user580,4950.0,7.502936169702624,43.78532192918844,0,15.0
user580,4951.0,7.502936142612534,43.78518666815943,0,15.0
user580,4952.0,7.502936115522444,43.78505140713041,0,15.0
user580,4953.0,7.502936088432354,43.7849161461014,0,15.0
user580,4954.0,7.502936061342264,43.78478088507239,0,15.0
user580,4955.0,7.502936034252174,43.78464562404337,0,15.0
user580,4956.0,7.502936007162083,43.78451036301436,0,15.0
user580,4957.0,7.502935980071993,43.78437510198534,0,15.0
user580,4958.0,7.502935952981903,43.78423984095632,0,15.0
user580,4959.0,7.502935925891813,43.78410457992731,0,15.0
user580,4960.0,7.502935898801723,43.7839693188983,0,15.0
user580,4961.0,7.502935871711633,43.783834057869285,0,15.0
user580,4962.0,7.502935844621542,43.78369879684027,0,15.0
user580,4963.0,7.502935817531452,43.78356353581125,0,15.0
user580,4964.0,7.502935790441362,43.78342827478224,0,15.0
user580,4965.0,7.502935763351272,43.78329301375323,0,15.0
user580,4966.0,7.502935736261182,43.783157752724215,0,15.0
user580,4967.0,7.5029357091710915,43.7830224916952,0,15.0
user580,4968.0,7.502935682081001,43.78288723066618,0,15.0
user580,4969.0,7.502935654990911,43.78275196963717,0,15.0
user580,4970.0,7.502935627900821,43.78261670860816,0,15.0
user580,4971.0,7.502935600810731,43.78248144757914,0,15.0
user580,4972.0,7.502935573720641,43.78234618655013,0,15.0
user580,4973.0,7.5029355466305505,43.78221092552111,0,15.0
user580,4974.0,7.50293551954046,43.7820756644921,0,15.0
user580,4975.0,7.50293549245037,43.78194040346308,0,15.0
user580,4976.0,7.50293546536028,43.78180514243408,0,15.0
user580,4977.0,7.50293543827019,43.78166988140506,0,15.0
user580,4978.0,7.5029354111801,43.78153462037604,0,15.0
user580,4979.0,7.5029353840900095,43.78139935934703,0,15.0
user580,4980.0,7.502935356999919,43.78126409831801,0,15.0
user580,4981.0,7.502935329909829,43.781128837289,0,15.0
user580,4982.0,7.502935302819739,43.78099357625999,0,15.0
user580,4983.0,7.502935275729649,43.78085831523097,0,15.0
user580,4984.0,7.502935248639559,43.78072305420196,0,15.0
user580,4985.0,7.5029352215494685,43.78058779317294,0,15.0
user580,4986.0,7.502935194459378,43.780452532143926,0,15.0
user580,4987.0,7.502935167369288,43.78031727111492,0,15.0
user580,4988.0,7.502935140279198,43.7801820100859,0,15.0
user580,4989.0,7.502935113189108,43.780046749056886,0,15.0
user580,4990.0,7.502935086099018,43.77991148802787,0,15.0
user580,4991.0,7.502935059008927,43.779776226998855,0,15.0
user580,4992.0,7.502935031918837,43.77964096596985,0,15.0
user580,4993.0,7.502935004828747,43.77950570494083,0,15.0
user580,4994.0,7.502934977738657,43.779370443911816,0,15.0
user580,4995.0,7.502934950648567,43.7792351828828,0,15.0
user580,4996.0,7.502934923558477,43.779099921853785,0,15.0
user580,4997.0,7.502934896468386,43.77896466082477,0,15.0
user580,4998.0,7.502934869378296,43.77882939979576,0,15.0
user580,4999.0,7.502934842288206,43.778694138766745,0,15.0
user580,5000.0,7.502934815198116,43.77855887773773,0,15.0
user580,5001.0,7.502934788108026,43.77842361670872,0,15.0
user580,5002.0,7.502934761017935,43.7782883556797,0,15.0
user580,5003.0,7.502934733927845,43.77815309465069,0,15.0
user580,5004.0,7.502934706837755,43.77801783362168,0,15.0
user580,5005.0,7.502934679747665,43.77788257259266,0,15.0
user580,5006.0,7.502934652657575,43.77774731156365,0,15.0
user580,5007.0,7.502934625567485,43.77761205053463,0,15.0
user580,5008.0,7.502934598477394,43.77747678950561,0,15.0
user580,5009.0,7.502934571387304,43.777341528476605,0,15.0
user580,5010.0,7.502934544297214,43.77720626744759,0,15.0
user580,5011.0,7.502934517207124,43.77707100641857,0,15.0
user580,5012.0,7.502934490117034,43.77693574538956,0,15.0
user580,5013.0,7.502934463026944,43.77680048436054,0,15.0
user580,5014.0,7.502934435936853,43.776665223331534,0,15.0
user580,5015.0,7.502934408846763,43.77652996230252,0,15.0
user580,5016.0,7.502934381756673,43.7763947012735,0,15.0
user580,5017.0,7.502934354666583,43.77625944024449,0,15.0
user580,5018.0,7.502934327576493,43.77612417921547,0,15.0
user580,5019.0,7.502934300486403,43.775988918186464,0,15.0
user580,5020.0,7.502934273396312,43.77585365715745,0,15.0
user580,5021.0,7.502934246306222,43.77571839612843,0,15.0
user580,5022.0,7.502934219216132,43.77558313509942,0,15.0
user580,5023.0,7.502934192126042,43.7754478740704,0,15.0
user580,5024.0,7.502934165035952,43.775312613041386,0,15.0
user580,5025.0,7.502934137945862,43.77517735201238,0,15.0
user580,5026.0,7.502934110855771,43.77504209098336,0,15.0
user580,5027.0,7.502934083765681,43.77490682995435,0,15.0
user580,5028.0,7.502934056675591,43.77477156892533,0,15.0
user580,5029.0,7.502934029585501,43.77463630789632,0,15.0
user580,5030.0,7.502934002495411,43.77450104686731,0,15.0
user580,5031.0,7.502933975405321,43.77436578583829,0,15.0
user580,5032.0,7.50293394831523,43.77423052480928,0,15.0
user580,5033.0,7.50293392122514,43.77409526378026,0,15.0
user580,5034.0,7.50293389413505,43.773960002751245,0,15.0
user580,5035.0,7.50293386704496,43.77382474172223,0,15.0
user580,5036.0,7.50293383995487,43.77368948069322,0,15.0
user580,5037.0,7.50293381286478,43.773554219664206,0,15.0
user580,5038.0,7.502933785774689,43.77341895863519,0,15.0
user580,5039.0,7.502933758684599,43.773283697606175,0,15.0
user580,5040.0,7.502933731594509,43.77314843657716,0,15.0
user580,5041.0,7.502933704504419,43.77301317554815,0,15.0
user580,5042.0,7.502933677414329,43.772877914519135,0,15.0
user580,5043.0,7.5029336503242385,43.77274265349012,0,15.0
user580,5044.0,7.502933623234148,43.772607392461104,0,15.0
user580,5045.0,7.502933596144058,43.77247213143209,0,15.0
user580,5046.0,7.502933569053968,43.77233687040307,0,15.0
user580,5047.0,7.502933541963878,43.77220160937407,0,15.0
user580,5048.0,7.502933514873788,43.77206634834505,0,15.0
user580,5049.0,7.5029334877836975,43.771931087316034,0,15.0
user580,5050.0,7.502933460693607,43.77179582628702,0,15.0
user580,5051.0,7.502933433603517,43.771660565258,0,15.0
user580,5052.0,7.502933406513427,43.771525304228994,0,15.0
user580,5053.0,7.502933379423337,43.77139004319998,0,15.0
user580,5054.0,7.502933352333247,43.77125478217096,0,15.0
user580,5055.0,7.502933325243156,43.77111952114195,0,15.0
user580,5056.0,7.502933298153066,43.77098426011293,0,15.0
user580,5057.0,7.502933271062976,43.77084899908392,0,15.0
user580,5058.0,7.502933243972886,43.77071373805491,0,15.0
user580,5059.0,7.502933216882796,43.77057847702589,0,15.0
user580,5060.0,7.502933189792706,43.77044321599688,0,15.0
user580,5061.0,7.502933162702615,43.77030795496786,0,15.0
user580,5062.0,7.502933135612525,43.77017269393885,0,15.0
user580,5063.0,7.502933108522435,43.77003743290984,0,15.0
user580,5064.0,7.502933081432345,43.76990217188082,0,15.0
user580,5065.0,7.502933054342255,43.76976691085181,0,15.0
user580,5066.0,7.502933027252165,43.76963164982279,0,15.0
user580,5067.0,7.502933000162074,43.769496388793776,0,15.0
user580,5068.0,7.502932973071984,43.76936112776477,0,15.0
user580,5069.0,7.502932945981894,43.76922586673575,0,15.0
user580,5070.0,7.502932918891804,43.76909060570674,0,15.0
user580,5071.0,7.502932891801714,43.76895534467772,0,15.0
user580,5072.0,7.502932864711624,43.76882008364871,0,15.0
user580,5073.0,7.502932837621533,43.76868482261969,0,15.0
user580,5074.0,7.502932810531443,43.76854956159068,0,15.0
user580,5075.0,7.502932783441353,43.76841430056167,0,15.0
user580,5076.0,7.502932756351263,43.76827903953265,0,15.0
user580,5077.0,7.502932729261173,43.76814377850364,0,15.0
user580,5078.0,7.502932702171082,43.76800851747462,0,15.0
user580,5079.0,7.502932675080992,43.76787325644561,0,15.0
user580,5080.0,7.502932647990902,43.7677379954166,0,15.0
user580,5081.0,7.502932620900812,43.76760273438758,0,15.0
user580,5082.0,7.502932593810722,43.767467473358565,0,15.0
user580,5083.0,7.502932566720632,43.76733221232955,0,15.0
user580,5084.0,7.502932539630541,43.76719695130053,0,15.0
user580,5085.0,7.502932512540451,43.767061690271525,0,15.0
user580,5086.0,7.502932485450361,43.76692642924251,0,15.0
user580,5087.0,7.502932458360271,43.76679116821349,0,15.0
user580,5088.0,7.502932431270181,43.76665590718448,0,15.0
user580,5089.0,7.502932404180091,43.76652064615546,0,15.0
user580,5090.0,7.50293237709,43.766385385126455,0,15.0
user580,5091.0,7.50293234999991,43.76625012409744,0,15.0
user580,5092.0,7.50293232290982,43.76611486306842,0,15.0
user580,5093.0,7.50293229581973,43.76597960203941,0,15.0
user580,5094.0,7.50293226872964,43.76584434101039,0,15.0
user580,5095.0,7.50293224163955,43.76570907998138,0,15.0
user580,5096.0,7.5029322145494595,43.76557381895237,0,15.0
user580,5097.0,7.502932187459369,43.76543855792335,0,15.0
user580,5098.0,7.502932160369279,43.76530329689434,0,15.0
user580,5099.0,7.502932133279189,43.76516803586532,0,15.0
user580,5100.0,7.502932106189099,43.76503277483631,0,15.0
user580,5101.0,7.502932079099009,43.7648975138073,0,15.0
user580,5102.0,7.502932052008918,43.76476225277828,0,15.0
user580,5103.0,7.502932024918828,43.76462699174927,0,15.0
user580,5104.0,7.502931997828738,43.76449173072025,0,15.0
user580,5105.0,7.502931970738648,43.76435646969124,0,15.0
user580,5106.0,7.502931943648558,43.76422120866222,0,15.0
user580,5107.0,7.502931916558468,43.76408594763321,0,15.0
user580,5108.0,7.502931889468377,43.7639506866042,0,15.0
user580,5109.0,7.502931862378287,43.76381542557518,0,15.0
user580,5110.0,7.502931835288197,43.763680164546166,0,15.0
user580,5111.0,7.502931808198107,43.76354490351715,0,15.0
user580,5112.0,7.502931781108017,43.76340964248814,0,15.0
user580,5113.0,7.502931754017927,43.76327438145913,0,15.0
user580,5114.0,7.502931726927836,43.76313912043011,0,15.0
user580,5115.0,7.502931699837746,43.763003859401095,0,15.0
user580,5116.0,7.50293167274759,43.76286859804392,0,15.0
user580,5117.0,7.502744572758346,43.76286859804392,0,15.0
user580,5118.0,7.5025574727691025,43.76286859804392,0,15.0
user580,5119.0,7.502370372779858,43.76286859804392,0,15.0
user580,5120.0,7.502183272790615,43.76286859804392,0,15.0
user580,5121.0,7.501996172801371,43.76286859804392,0,15.0
user580,5122.0,7.501809072812127,43.76286859804392,0,15.0
user580,5123.0,7.501621972822883,43.76286859804392,0,15.0
user580,5124.0,7.501434872833639,43.76286859804392,0,15.0
user580,5125.0,7.501247772844395,43.76286859804392,0,15.0
user580,5126.0,7.501060672855151,43.76286859804392,0,15.0
user580,5127.0,7.500873572865907,43.76286859804392,0,15.0
user580,5128.0,7.500686472876663,43.76286859804392,0,15.0
user580,5129.0,7.500499372887419,43.76286859804392,0,15.0
user580,5130.0,7.500312272898175,43.76286859804392,0,15.0
user580,5131.0,7.500125172908931,43.76286859804392,0,15.0
user580,5132.0,7.499938072919687,43.76286859804392,0,15.0
user580,5133.0,7.4997509729304435,43.76286859804392,0,15.0
user580,5134.0,7.499563872941199,43.76286859804392,0,15.0
user580,5135.0,7.499376772951956,43.76286859804392,0,15.0
user580,5136.0,7.499189672962712,43.76286859804392,0,15.0
user580,5137.0,7.499002572973468,43.76286859804392,0,15.0
user580,5138.0,7.498815472984224,43.76286859804392,0,15.0
user580,5139.0,7.49862837299498,43.76286859804392,0,15.0
user580,5140.0,7.498441273005736,43.76286859804392,0,15.0
user580,5141.0,7.498254173016492,43.76286859804392,0,15.0
user580,5142.0,7.498067073027248,43.76286859804392,0,15.0
user580,5143.0,7.497879973038004,43.76286859804392,0,15.0
user580,5144.0,7.49769287304876,43.76286859804392,0,15.0
user580,5145.0,7.497505773059516,43.76286859804392,0,15.0
user580,5146.0,7.497318673070272,43.76286859804392,0,15.0
user580,5147.0,7.497131573081028,43.76286859804392,0,15.0
user580,5148.0,7.496944473091784,43.76286859804392,0,15.0
user580,5149.0,7.4967573731025405,43.76286859804392,0,15.0
user580,5150.0,7.496570273113297,43.76286859804392,0,15.0
user580,5151.0,7.496383173124053,43.76286859804392,0,15.0
user580,5152.0,7.496196073134809,43.76286859804392,0,15.0
user580,5153.0,7.496008973145565,43.76286859804392,0,15.0
user580,5154.0,7.495821873156321,43.76286859804392,0,15.0
user580,5155.0,7.495634773167077,43.76286859804392,0,15.0
user580,5156.0,7.495447673177833,43.76286859804392,0,15.0
user580,5157.0,7.495260573188589,43.76286859804392,0,15.0
user580,5158.0,7.495073473199345,43.76286859804392,0,15.0
user580,5159.0,7.494886373210101,43.76286859804392,0,15.0
user580,5160.0,7.494699273220857,43.76286859804392,0,15.0
user580,5161.0,7.494512173231613,43.76286859804392,0,15.0
user580,5162.0,7.494325073242369,43.76286859804392,0,15.0
user580,5163.0,7.494137973253125,43.76286859804392,0,15.0
user580,5164.0,7.4939508732638815,43.76286859804392,0,15.0
user580,5165.0,7.493763773274638,43.76286859804392,0,15.0
user580,5166.0,7.493576673285394,43.76286859804392,0,15.0
user580,5167.0,7.49338957329615,43.76286859804392,0,15.0
user580,5168.0,7.493202473306906,43.76286859804392,0,15.0
user580,5169.0,7.493015373317662,43.76286859804392,0,15.0
user580,5170.0,7.492828273328418,43.76286859804392,0,15.0
user580,5171.0,7.492641173339174,43.76286859804392,0,15.0
user580,5172.0,7.49245407334993,43.76286859804392,0,15.0
user580,5173.0,7.492266973360686,43.76286859804392,0,15.0
user580,5174.0,7.492079873371442,43.76286859804392,0,15.0
user580,5175.0,7.491892773382198,43.76286859804392,0,15.0
user580,5176.0,7.491705673392954,43.76286859804392,0,15.0
user580,5177.0,7.49151857340371,43.76286859804392,0,15.0
user580,5178.0,7.491331473414466,43.76286859804392,0,15.0
user580,5179.0,7.4911443734252225,43.76286859804392,0,15.0
user580,5180.0,7.490957273435979,43.76286859804392,0,15.0
user580,5181.0,7.490770173446735,43.76286859804392,0,15.0
user580,5182.0,7.490583073457491,43.76286859804392,0,15.0
user580,5183.0,7.490395973468247,43.76286859804392,0,15.0
user580,5184.0,7.490208873479003,43.76286859804392,0,15.0
user580,5185.0,7.490021773489759,43.76286859804392,0,15.0
user580,5186.0,7.489834673500515,43.76286859804392,0,15.0
user580,5187.0,7.489647573511271,43.76286859804392,0,15.0
user580,5188.0,7.489460473522027,43.76286859804392,0,15.0
user580,5189.0,7.489273373532783,43.76286859804392,0,15.0
user580,5190.0,7.489086273543539,43.76286859804392,0,15.0
user580,5191.0,7.488899173554295,43.76286859804392,0,15.0
user580,5192.0,7.488712073565051,43.76286859804392,0,15.0
user580,5193.0,7.488524973575807,43.76286859804392,0,15.0
user580,5194.0,7.4883378735865636,43.76286859804392,0,15.0
user580,5195.0,7.48815077359732,43.76286859804392,0,15.0
user580,5196.0,7.487963673608076,43.76286859804392,0,15.0
user580,5197.0,7.487776573618832,43.76286859804392,0,15.0
user580,5198.0,7.487589473629588,43.76286859804392,0,15.0
user580,5199.0,7.487402373640344,43.76286859804392,0,15.0
user580,5200.0,7.4872152736511,43.76286859804392,0,15.0
user580,5201.0,7.487028173661856,43.76286859804392,0,15.0
user580,5202.0,7.486841073672612,43.76286859804392,0,15.0
user580,5203.0,7.486653973683368,43.76286859804392,0,15.0
user580,5204.0,7.486466873694124,43.76286859804392,0,15.0
user580,5205.0,7.48627977370488,43.76286859804392,0,15.0
user580,5206.0,7.486092673715636,43.76286859804392,0,15.0
user580,5207.0,7.485905573726392,43.76286859804392,0,15.0
user580,5208.0,7.4857184737371485,43.76286859804392,0,15.0
user580,5209.0,7.485531373747905,43.76286859804392,0,15.0
user580,5210.0,7.485344273758661,43.76286859804392,0,15.0
user580,5211.0,7.485157173769417,43.76286859804392,0,15.0
user580,5212.0,7.484970073780173,43.76286859804392,0,15.0
user580,5213.0,7.484782973790929,43.76286859804392,0,15.0
user580,5214.0,7.484595873801685,43.76286859804392,0,15.0
user580,5215.0,7.484408773812441,43.76286859804392,0,15.0
user580,5216.0,7.484221673823197,43.76286859804392,0,15.0
user580,5217.0,7.484034573833953,43.76286859804392,0,15.0
user580,5218.0,7.483847473844709,43.76286859804392,0,15.0
user580,5219.0,7.483660373855465,43.76286859804392,0,15.0
user580,5220.0,7.483473273866221,43.76286859804392,0,15.0
user580,5221.0,7.483286173876977,43.76286859804392,0,15.0
user580,5222.0,7.483099073887733,43.76286859804392,0,15.0
user580,5223.0,7.4829119738984895,43.76286859804392,0,15.0
user580,5224.0,7.482724873909246,43.76286859804392,0,15.0
user580,5225.0,7.482537773920002,43.76286859804392,0,15.0
user580,5226.0,7.482350673930758,43.76286859804392,0,15.0
user580,5227.0,7.482163573941514,43.76286859804392,0,15.0
user580,5228.0,7.48197647395227,43.76286859804392,0,15.0
user580,5229.0,7.481789373963026,43.76286859804392,0,15.0
user580,5230.0,7.481602273973782,43.76286859804392,0,15.0
user580,5231.0,7.481415173984538,43.76286859804392,0,15.0
user580,5232.0,7.481228073995294,43.76286859804392,0,15.0
user580,5233.0,7.48104097400605,43.76286859804392,0,15.0
user580,5234.0,7.480853874016806,43.76286859804392,0,15.0
user580,5235.0,7.480666774027562,43.76286859804392,0,15.0
user580,5236.0,7.480479674038318,43.76286859804392,0,15.0
user580,5237.0,7.480292574049074,43.76286859804392,0,15.0
user580,5238.0,7.4801054740598305,43.76286859804392,0,15.0
user580,5239.0,7.479918374070587,43.76286859804392,0,15.0
user580,5240.0,7.479731274081343,43.76286859804392,0,15.0
user580,5241.0,7.479544174092099,43.76286859804392,0,15.0
user580,5242.0,7.479357074102855,43.76286859804392,0,15.0
user580,5243.0,7.479169974113611,43.76286859804392,0,15.0
